cam0:
  cam_overlaps: [1]
  camera_model: pinhole
  distortion_coeffs: [0.12907808470161233, -0.45600922692825135, 0.00315421291048746, -0.0034401688665012973]
  distortion_model: radtan
  intrinsics: [771.5856045743167, 771.691592450284, 646.7386906636384, 318.517685310617]
  resolution: [1280, 720]
  rostopic: /camera/image_1
cam1:
  T_cn_cnm1:
  - [0.9999298969069217, -0.001353188524066079, -0.011763084311948955, -0.0750116371299265]
  - [0.0016054580816834234, 0.9997683553504505, 0.021462948171253233, 0.0010470425464884218]
  - [0.011731316041247936, -0.021480328690974004, 0.9997004409838313, 0.0023254046078879215]
  - [0.0, 0.0, 0.0, 1.0]
  cam_overlaps: [0]
  camera_model: pinhole
  distortion_coeffs: [0.06734597922271914, -0.2119485218187347, 0.005146554504867497, -0.00034976863413297544]
  distortion_model: radtan
  intrinsics: [777.6311041545457, 778.5012883129682, 626.6766803691, 324.61218840672115]
  resolution: [1280, 720]
  rostopic: /camera/image_2
