rostopic: /imu
update_rate: 200.0 #Hz

accelerometer_noise_density: 2.0544830424546402e-02
accelerometer_random_walk: 3.2391508048507990e-04
gyroscope_noise_density: 1.0472473918501028e-01
gyroscope_random_walk: 3.2044657580630222e-04
