cam0:
  T_cam_imu:
  - [0.020464807299944154, -0.9996727482969899, 0.015348875350361314, 0.01210343886323495]
  - [0.9997512816718627, 0.020325485398043575, -0.009178749304974488, 0.002000904584456588]
  - [0.008863772201822766, 0.01553289913952617, 0.999840068504297, 0.009539597647542157]
  - [0.0, 0.0, 0.0, 1.0]
  cam_overlaps: [1]
  camera_model: pinhole
  distortion_coeffs: [0.12907808470161233, -0.45600922692825135, 0.00315421291048746, -0.0034401688665012973]
  distortion_model: radtan
  intrinsics: [771.5856045743167, 771.691592450284, 646.7386906636384, 318.517685310617]
  resolution: [1280, 720]
  rostopic: /camera/image_1
  timeshift_cam_imu: 0.009968312981192447
cam1:
  T_cam_imu:
  - [0.019006255392642446, -0.9998128871610419, 0.003599016900667891, -0.0630239694477443]
  - [0.9997427927102223, 0.019049226224490456, 0.012307534449017554, 0.0032716630857267115]
  - [-0.012373790038432812, 0.003364171064293233, 0.9999177824567054, 0.011961153761281271]
  - [0.0, 0.0, 0.0, 1.0]
  T_cn_cnm1:
  - [0.9999298969069217, -0.001353188524066079, -0.011763084311948955, -0.0750116371299265]
  - [0.0016054580816834234, 0.9997683553504505, 0.021462948171253233, 0.0010470425464884218]
  - [0.011731316041247936, -0.021480328690974004, 0.9997004409838313, 0.0023254046078879215]
  - [0.0, 0.0, 0.0, 1.0]
  cam_overlaps: [0]
  camera_model: pinhole
  distortion_coeffs: [0.06734597922271914, -0.2119485218187347, 0.005146554504867497, -0.00034976863413297544]
  distortion_model: radtan
  intrinsics: [777.6311041545457, 778.5012883129682, 626.6766803691, 324.61218840672115]
  resolution: [1280, 720]
  rostopic: /camera/image_2
  timeshift_cam_imu: 0.029504902865484406
